0.00000 0.00000
0.10000 7.76826
0.75055 10.28781
1.40110 11.06806
2.05165 11.54480
2.70220 11.88908
3.35275 12.15872
4.00330 12.38039
4.65385 12.56861
5.30440 12.73216
5.95495 12.87677
6.60551 13.00637
7.25606 13.12379
7.90661 13.23111
8.55716 13.32995
9.20771 13.42154
9.85826 13.50688
10.50881 13.58676
11.15936 13.66184
11.80991 13.73267
12.46046 13.79969
13.11101 13.86331
13.76156 13.92384
14.41211 13.98158
15.06266 14.03677
15.71321 14.08962
16.36376 14.14033
17.01431 14.18906
17.66486 14.23596
18.31542 14.28117
18.96597 14.32480
19.61652 14.36696
20.26707 14.40774
20.91762 14.44723
21.56817 14.48551
22.21872 14.52266
22.86927 14.55873
23.51982 14.59380
24.17037 14.62790
24.82092 14.66110
25.47147 14.69344
26.12202 14.72496
26.77257 14.75571
27.42312 14.78572
28.07367 14.81503
28.72422 14.84367
29.37477 14.87166
30.02533 14.89904
30.67588 14.92584
31.32643 14.95207
31.97698 14.97776
32.62753 15.00294
33.27808 15.02762
33.92863 15.05182
34.57918 15.07556
35.22973 15.09885
35.88028 15.12173
36.53083 15.14419
37.18138 15.16625
37.83193 15.18793
38.48248 15.20925
39.13303 15.23020
39.78358 15.25081
40.43413 15.27108
41.08468 15.29104
41.73524 15.31067
42.38579 15.33001
43.03634 15.34905
43.68689 15.36780
44.33744 15.38628
44.98799 15.40449
45.63854 15.42243
46.28909 15.44012
46.93964 15.45757
47.59019 15.47477
48.24074 15.49175
48.89129 15.50849
49.54184 15.52501
50.19239 15.54132
50.84294 15.55742
51.49349 15.57331
52.14404 15.58900
52.79459 15.60450
53.44515 15.61981
54.09570 15.63493
54.74625 15.64988
55.39680 15.66464
56.04735 15.67924
56.69790 15.69366
57.34845 15.70792
57.99900 15.72202
58.64955 15.73597
59.30010 15.74976
59.95065 15.76339
60.60120 15.77688
61.25175 15.79023
61.90230 15.80344
62.55285 15.81651
63.20340 15.82944
63.85395 15.84224
64.50450 15.85491
65.15506 15.86745
65.80561 15.87987
66.45616 15.89217
67.10671 15.90435
67.75726 15.91641
68.40781 15.92835
69.05836 15.94018
69.70891 15.95190
70.35946 15.96351
71.01001 15.97502
71.66056 15.98642
72.31111 15.99771
72.96166 16.00891
73.61221 16.02001
74.26276 16.03100
74.91331 16.04191
75.56386 16.05271
76.21441 16.06343
76.86496 16.07405
77.51552 16.08459
78.16607 16.09504
78.81662 16.10540
79.46717 16.11567
80.11772 16.12586
80.76827 16.13597
81.41882 16.14600
82.06937 16.15595
82.71992 16.16582
83.37047 16.17561
84.02102 16.18533
84.67157 16.19497
85.32212 16.20453
85.97267 16.21403
86.62322 16.22345
87.27377 16.23280
87.92432 16.24209
88.57487 16.25130
89.22543 16.26045
89.87598 16.26953
90.52653 16.27855
91.17708 16.28750
91.82763 16.29638
92.47818 16.30521
93.12873 16.31397
93.77928 16.32267
94.42983 16.33131
95.08038 16.33989
95.73093 16.34842
96.38148 16.35688
97.03203 16.36529
97.68258 16.37365
98.33313 16.38194
98.98368 16.39019
99.63423 16.39837
100.28478 16.40651
100.93534 16.41459
101.58589 16.42262
102.23644 16.43060
102.88699 16.43853
103.53754 16.44641
104.18809 16.45424
104.83864 16.46202
105.48919 16.46975
106.13974 16.47744
106.79029 16.48508
107.44084 16.49267
108.09139 16.50021
108.74194 16.50771
109.39249 16.51517
110.04304 16.52258
110.69359 16.52995
111.34414 16.53727
111.99469 16.54456
112.64525 16.55180
113.29580 16.55899
113.94635 16.56615
114.59690 16.57327
115.24745 16.58034
115.89800 16.58738
116.54855 16.59438
117.19910 16.60133
117.84965 16.60825
118.50020 16.61513
119.15075 16.62198
119.80130 16.62878
120.45185 16.63555
121.10240 16.64229
121.75295 16.64898
122.40350 16.65565
123.05405 16.66227
123.70460 16.66886
124.35516 16.67542
125.00571 16.68194
125.65626 16.68843
126.30681 16.69488
126.95736 16.70131
127.60791 16.70769
128.25846 16.71405
128.90901 16.72037
129.55956 16.72667
130.21011 16.73293
130.86066 16.73916
131.51121 16.74536
132.16176 16.75152
132.81231 16.75766
133.46286 16.76377
134.11341 16.76985
134.76396 16.77590
135.41451 16.78192
136.06507 16.78791
136.71562 16.79387
137.36617 16.79980
138.01672 16.80571
138.66727 16.81159
139.31782 16.81744
139.96837 16.82326
140.61892 16.82906
141.26947 16.83483
141.92002 16.84057
142.57057 16.84629
143.22112 16.85198
143.87167 16.85764
144.52222 16.86328
145.17277 16.86890
145.82332 16.87449
146.47387 16.88005
147.12442 16.88559
147.77497 16.89110
148.42553 16.89660
149.07608 16.90206
149.72663 16.90751
150.37718 16.91292
151.02773 16.91832
151.67828 16.92369
152.32883 16.92904
152.97938 16.93437
153.62993 16.93967
154.28048 16.94496
154.93103 16.95022
155.58158 16.95545
156.23213 16.96067
156.88268 16.96586
157.53323 16.97104
158.18378 16.97619
158.83433 16.98132
159.48488 16.98643
160.13544 16.99152
160.78599 16.99658
161.43654 17.00163
162.08709 17.00666
162.73764 17.01167
163.38819 17.01665
164.03874 17.02162
164.68929 17.02657
165.33984 17.03150
165.99039 17.03640
166.64094 17.04129
167.29149 17.04616
167.94204 17.05102
168.59259 17.05585
169.24314 17.06066
169.89369 17.06546
170.54424 17.07023
171.19479 17.07499
171.84535 17.07974
172.49590 17.08446
173.14645 17.08916
173.79700 17.09385
174.44755 17.09852
175.09810 17.10317
175.74865 17.10781
176.39920 17.11243
177.04975 17.11703
177.70030 17.12161
178.35085 17.12618
179.00140 17.13073
179.65195 17.13527
180.30250 17.13979
180.95305 17.14429
181.60360 17.14877
182.25415 17.15324
182.90470 17.15770
183.55526 17.16214
184.20581 17.16656
184.85636 17.17097
185.50691 17.17536
186.15746 17.17973
186.80801 17.18409
187.45856 17.18844
188.10911 17.19277
188.75966 17.19708
189.41021 17.20139
190.06076 17.20567
190.71131 17.20994
191.36186 17.21420
192.01241 17.21844
192.66296 17.22267
193.31351 17.22688
193.96406 17.23108
194.61461 17.23527
195.26517 17.23944
195.91572 17.24360
196.56627 17.24774
197.21682 17.25187
197.86737 17.25599
198.51792 17.26009
199.16847 17.26418
199.81902 17.26826
200.46957 17.27232
201.12012 17.27637
201.77067 17.28041
202.42122 17.28443
203.07177 17.28844
203.72232 17.29244
204.37287 17.29642
205.02342 17.30040
205.67397 17.30436
206.32452 17.30830
206.97508 17.31224
207.62563 17.31616
208.27618 17.32007
208.92673 17.32397
209.57728 17.32786
210.22783 17.33173
210.87838 17.33559
211.52893 17.33944
212.17948 17.34328
212.83003 17.34711
213.48058 17.35092
214.13113 17.35473
214.78168 17.35852
215.43223 17.36230
216.08278 17.36607
216.73333 17.36983
217.38388 17.37357
218.03443 17.37731
218.68498 17.38103
219.33554 17.38474
219.98609 17.38845
220.63664 17.39214
221.28719 17.39582
221.93774 17.39949
222.58829 17.40315
223.23884 17.40679
223.88939 17.41043
224.53994 17.41406
225.19049 17.41767
225.84104 17.42128
226.49159 17.42488
227.14214 17.42846
227.79269 17.43204
228.44324 17.43560
229.09379 17.43916
229.74434 17.44270
230.39489 17.44623
231.04545 17.44976
231.69600 17.45327
232.34655 17.45678
232.99710 17.46027
233.64765 17.46376
234.29820 17.46723
234.94875 17.47070
235.59930 17.47416
236.24985 17.47760
236.90040 17.48104
237.55095 17.48447
238.20150 17.48789
238.85205 17.49130
239.50260 17.49470
240.15315 17.49809
240.80370 17.50147
241.45425 17.50484
242.10480 17.50820
242.75536 17.51156
243.40591 17.51490
244.05646 17.51824
244.70701 17.52157
245.35756 17.52489
246.00811 17.52820
246.65866 17.53150
247.30921 17.53479
247.95976 17.53807
248.61031 17.54135
249.26086 17.54462
249.91141 17.54787
250.56196 17.55112
251.21251 17.55437
251.86306 17.55760
252.51361 17.56082
253.16416 17.56404
253.81471 17.56725
254.46527 17.57045
255.11582 17.57364
255.76637 17.57682
256.41692 17.58000
257.06747 17.58316
257.71802 17.58632
258.36857 17.58948
259.01912 17.59262
259.66967 17.59575
260.32022 17.59888
260.97077 17.60200
261.62132 17.60511
262.27187 17.60822
262.92242 17.61132
263.57297 17.61440
264.22352 17.61749
264.87407 17.62056
265.52462 17.62363
266.17518 17.62668
266.82573 17.62974
267.47628 17.63278
268.12683 17.63582
268.77738 17.63885
269.42793 17.64187
270.07848 17.64488
270.72903 17.64789
271.37958 17.65089
272.03013 17.65388
272.68068 17.65687
273.33123 17.65985
273.98178 17.66282
274.63233 17.66578
275.28288 17.66874
275.93343 17.67169
276.58398 17.67463
277.23453 17.67757
277.88509 17.68050
278.53564 17.68342
279.18619 17.68634
279.83674 17.68925
280.48729 17.69215
281.13784 17.69505
281.78839 17.69794
282.43894 17.70082
283.08949 17.70370
283.74004 17.70656
284.39059 17.70943
285.04114 17.71228
285.69169 17.71513
286.34224 17.71798
286.99279 17.72081
287.64334 17.72364
288.29389 17.72647
288.94444 17.72928
289.59499 17.73210
290.24555 17.73490
290.89610 17.73770
291.54665 17.74049
292.19720 17.74328
292.84775 17.74606
293.49830 17.74883
294.14885 17.75160
294.79940 17.75436
295.44995 17.75712
296.10050 17.75987
296.75105 17.76261
297.40160 17.76535
298.05215 17.76808
298.70270 17.77080
299.35325 17.77352
300.00380 17.77624
300.65435 17.77894
301.30490 17.78164
301.95546 17.78434
302.60601 17.78703
303.25656 17.78972
303.90711 17.79239
304.55766 17.79507
305.20821 17.79773
305.85876 17.80040
306.50931 17.80305
307.15986 17.80570
307.81041 17.80835
308.46096 17.81099
309.11151 17.81362
309.76206 17.81625
310.41261 17.81887
311.06316 17.82149
311.71371 17.82410
312.36426 17.82670
313.01481 17.82930
313.66537 17.83190
314.31592 17.83449
314.96647 17.83707
315.61702 17.83965
316.26757 17.84223
316.91812 17.84480
317.56867 17.84736
318.21922 17.84992
318.86977 17.85247
319.52032 17.85502
320.17087 17.85756
320.82142 17.86010
321.47197 17.86263
322.12252 17.86516
322.77307 17.86768
323.42362 17.87020
324.07417 17.87271
324.72472 17.87521
325.37528 17.87772
326.02583 17.88021
326.67638 17.88270
327.32693 17.88519
327.97748 17.88767
328.62803 17.89015
329.27858 17.89262
329.92913 17.89509
330.57968 17.89755
331.23023 17.90001
331.88078 17.90246
332.53133 17.90491
333.18188 17.90735
333.83243 17.90979
334.48298 17.91222
335.13353 17.91465
335.78408 17.91708
336.43463 17.91950
337.08519 17.92191
337.73574 17.92432
338.38629 17.92673
339.03684 17.92913
339.68739 17.93152
340.33794 17.93392
340.98849 17.93630
341.63904 17.93868
342.28959 17.94106
342.94014 17.94344
343.59069 17.94581
344.24124 17.94817
344.89179 17.95053
345.54234 17.95289
346.19289 17.95524
346.84344 17.95758
347.49399 17.95993
348.14454 17.96226
348.79510 17.96460
349.44565 17.96693
350.09620 17.96925
350.74675 17.97157
351.39730 17.97389
352.04785 17.97620
352.69840 17.97851
353.34895 17.98081
353.99950 17.98311
354.65005 17.98541
355.30060 17.98770
355.95115 17.98998
356.60170 17.99227
357.25225 17.99454
357.90280 17.99682
358.55335 17.99909
359.20390 18.00135
359.85445 18.00362
360.50501 18.00587
361.15556 18.00813
361.80611 18.01038
362.45666 18.01262
363.10721 18.01486
363.75776 18.01710
364.40831 18.01934
365.05886 18.02156
365.70941 18.02379
366.35996 18.02601
367.01051 18.02823
367.66106 18.03044
368.31161 18.03265
368.96216 18.03486
369.61271 18.03706
370.26326 18.03926
370.91381 18.04145
371.56436 18.04364
372.21491 18.04583
372.86547 18.04801
373.51602 18.05019
374.16657 18.05237
374.81712 18.05454
375.46767 18.05671
376.11822 18.05887
376.76877 18.06103
377.41932 18.06319
378.06987 18.06534
378.72042 18.06749
379.37097 18.06963
380.02152 18.07178
380.67207 18.07391
381.32262 18.07605
381.97317 18.07818
382.62372 18.08031
383.27427 18.08243
383.92482 18.08455
384.57538 18.08667
385.22593 18.08878
385.87648 18.09089
386.52703 18.09299
387.17758 18.09510
387.82813 18.09719
388.47868 18.09929
389.12923 18.10138
389.77978 18.10347
390.43033 18.10555
391.08088 18.10763
391.73143 18.10971
392.38198 18.11179
393.03253 18.11386
393.68308 18.11592
394.33363 18.11799
394.98418 18.12005
395.63473 18.12211
396.28529 18.12416
396.93584 18.12621
397.58639 18.12826
398.23694 18.13030
398.88749 18.13234
399.53804 18.13438
400.18859 18.13641
400.83914 18.13844
401.48969 18.14047
402.14024 18.14249
402.79079 18.14451
403.44134 18.14653
404.09189 18.14854
404.74244 18.15056
405.39299 18.15256
406.04354 18.15457
406.69409 18.15657
407.34464 18.15857
407.99520 18.16056
408.64575 18.16255
409.29630 18.16454
409.94685 18.16653
410.59740 18.16851
411.24795 18.17049
411.89850 18.17246
412.54905 18.17444
413.19960 18.17640
413.85015 18.17837
414.50070 18.18033
415.15125 18.18230
415.80180 18.18425
416.45235 18.18621
417.10290 18.18816
417.75345 18.19011
418.40400 18.19205
419.05455 18.19399
419.70511 18.19593
420.35566 18.19787
421.00621 18.19980
421.65676 18.20173
422.30731 18.20366
422.95786 18.20558
423.60841 18.20750
424.25896 18.20942
424.90951 18.21134
425.56006 18.21325
426.21061 18.21516
426.86116 18.21707
427.51171 18.21897
428.16226 18.22087
428.81281 18.22277
429.46336 18.22466
430.11391 18.22655
430.76446 18.22844
431.41502 18.23033
432.06557 18.23221
432.71612 18.23409
433.36667 18.23597
434.01722 18.23785
434.66777 18.23972
435.31832 18.24159
435.96887 18.24346
436.61942 18.24532
437.26997 18.24718
437.92052 18.24904
438.57107 18.25089
439.22162 18.25275
439.87217 18.25460
440.52272 18.25644
441.17327 18.25829
441.82382 18.26013
442.47437 18.26197
443.12492 18.26381
443.77548 18.26564
444.42603 18.26747
445.07658 18.26930
445.72713 18.27113
446.37768 18.27295
447.02823 18.27477
447.67878 18.27659
448.32933 18.27840
448.97988 18.28021
449.63043 18.28202
450.28098 18.28383
450.93153 18.28564
451.58208 18.28744
452.23263 18.28924
452.88318 18.29103
453.53373 18.29283
454.18428 18.29462
454.83483 18.29641
455.48539 18.29820
456.13594 18.29998
456.78649 18.30176
457.43704 18.30354
458.08759 18.30532
458.73814 18.30709
459.38869 18.30886
460.03924 18.31063
460.68979 18.31240
461.34034 18.31416
461.99089 18.31592
462.64144 18.31768
463.29199 18.31944
463.94254 18.32119
464.59309 18.32294
465.24364 18.32469
465.89419 18.32644
466.54474 18.32818
467.19530 18.32993
467.84585 18.33167
468.49640 18.33340
469.14695 18.33514
469.79750 18.33687
470.44805 18.33860
471.09860 18.34033
471.74915 18.34205
472.39970 18.34377
473.05025 18.34549
473.70080 18.34721
474.35135 18.34893
475.00190 18.35064
475.65245 18.35235
476.30300 18.35406
476.95355 18.35577
477.60410 18.35747
478.25465 18.35917
478.90521 18.36087
479.55576 18.36257
480.20631 18.36426
480.85686 18.36595
481.50741 18.36764
482.15796 18.36933
482.80851 18.37102
483.45906 18.37270
484.10961 18.37438
484.76016 18.37606
485.41071 18.37774
486.06126 18.37941
486.71181 18.38108
487.36236 18.38275
488.01291 18.38442
488.66346 18.38608
489.31401 18.38775
489.96456 18.38941
490.61512 18.39107
491.26567 18.39272
491.91622 18.39438
492.56677 18.39603
493.21732 18.39768
493.86787 18.39933
494.51842 18.40097
495.16897 18.40262
495.81952 18.40426
496.47007 18.40590
497.12062 18.40753
497.77117 18.40917
498.42172 18.41080
499.07227 18.41243
499.72282 18.41406
500.37337 18.41568
501.02392 18.41731
501.67447 18.41893
502.32503 18.42055
502.97558 18.42217
503.62613 18.42378
504.27668 18.42540
504.92723 18.42701
505.57778 18.42862
506.22833 18.43023
506.87888 18.43183
507.52943 18.43343
508.17998 18.43504
508.83053 18.43664
509.48108 18.43823
510.13163 18.43983
510.78218 18.44142
511.43273 18.44301
512.08328 18.44460
512.73383 18.44619
513.38438 18.44777
514.03493 18.44936
514.68549 18.45094
515.33604 18.45252
515.98659 18.45409
516.63714 18.45567
517.28769 18.45724
517.93824 18.45881
518.58879 18.46038
519.23934 18.46195
519.88989 18.46351
520.54044 18.46508
521.19099 18.46664
521.84154 18.46820
522.49209 18.46975
523.14264 18.47131
523.79319 18.47286
524.44374 18.47441
525.09429 18.47596
525.74484 18.47751
526.39540 18.47906
527.04595 18.48060
527.69650 18.48214
528.34705 18.48368
528.99760 18.48522
529.64815 18.48676
530.29870 18.48829
530.94925 18.48982
531.59980 18.49136
532.25035 18.49288
532.90090 18.49441
533.55145 18.49594
534.20200 18.49746
534.85255 18.49898
535.50310 18.50050
536.15365 18.50202
536.80420 18.50353
537.45475 18.50505
538.10531 18.50656
538.75586 18.50807
539.40641 18.50958
540.05696 18.51108
540.70751 18.51259
541.35806 18.51409
542.00861 18.51559
542.65916 18.51709
543.30971 18.51859
543.96026 18.52009
544.61081 18.52158
545.26136 18.52307
545.91191 18.52456
546.56246 18.52605
547.21301 18.52754
547.86356 18.52902
548.51411 18.53051
549.16466 18.53199
549.81522 18.53347
550.46577 18.53495
551.11632 18.53642
551.76687 18.53790
552.41742 18.53937
553.06797 18.54084
553.71852 18.54231
554.36907 18.54378
555.01962 18.54525
555.67017 18.54671
556.32072 18.54817
556.97127 18.54963
557.62182 18.55109
558.27237 18.55255
558.92292 18.55401
559.57347 18.55546
560.22402 18.55691
560.87457 18.55836
561.52513 18.55981
562.17568 18.56126
562.82623 18.56271
563.47678 18.56415
564.12733 18.56559
564.77788 18.56703
565.42843 18.56847
566.07898 18.56991
566.72953 18.57134
567.38008 18.57278
568.03063 18.57421
568.68118 18.57564
569.33173 18.57707
569.98228 18.57850
570.63283 18.57992
571.28338 18.58135
571.93393 18.58277
572.58448 18.58419
573.23504 18.58561
573.88559 18.58703
574.53614 18.58845
575.18669 18.58986
575.83724 18.59127
576.48779 18.59268
577.13834 18.59409
577.78889 18.59550
578.43944 18.59691
579.08999 18.59831
579.74054 18.59972
580.39109 18.60112
581.04164 18.60252
581.69219 18.60392
582.34274 18.60532
582.99329 18.60671
583.64384 18.60811
584.29439 18.60950
584.94494 18.61089
585.59550 18.61228
586.24605 18.61367
586.89660 18.61505
587.54715 18.61644
588.19770 18.61782
588.84825 18.61920
589.49880 18.62058
590.14935 18.62196
590.79990 18.62334
591.45045 18.62471
592.10100 18.62609
592.75155 18.62746
593.40210 18.62883
594.05265 18.63020
594.70320 18.63157
595.35375 18.63294
596.00430 18.63430
596.65485 18.63567
597.30541 18.63703
597.95596 18.63839
598.60651 18.63975
599.25706 18.64110
599.90761 18.64246
600.55816 18.64382
601.20871 18.64517
601.85926 18.64652
602.50981 18.64787
603.16036 18.64922
603.81091 18.65057
604.46146 18.65191
605.11201 18.65326
605.76256 18.65460
606.41311 18.65594
607.06366 18.65728
607.71421 18.65862
608.36476 18.65996
609.01532 18.66130
609.66587 18.66263
610.31642 18.66396
610.96697 18.66530
611.61752 18.66663
612.26807 18.66795
612.91862 18.66928
613.56917 18.67061
614.21972 18.67193
614.87027 18.67326
615.52082 18.67458
616.17137 18.67590
616.82192 18.67722
617.47247 18.67853
618.12302 18.67985
618.77357 18.68117
619.42412 18.68248
620.07467 18.68379
620.72523 18.68510
621.37578 18.68641
622.02633 18.68772
622.67688 18.68903
623.32743 18.69033
623.97798 18.69164
624.62853 18.69294
625.27908 18.69424
625.92963 18.69554
626.58018 18.69684
627.23073 18.69813
627.88128 18.69943
628.53183 18.70072
629.18238 18.70202
629.83293 18.70331
630.48348 18.70460
631.13403 18.70589
631.78458 18.70718
632.43514 18.70846
633.08569 18.70975
633.73624 18.71103
634.38679 18.71232
635.03734 18.71360
635.68789 18.71488
636.33844 18.71615
636.98899 18.71743
637.63954 18.71871
638.29009 18.71998
638.94064 18.72126
639.59119 18.72253
640.24174 18.72380
640.89229 18.72507
641.54284 18.72634
642.19339 18.72760
642.84394 18.72887
643.49449 18.73013
644.14505 18.73140
644.79560 18.73266
645.44615 18.73392
646.09670 18.73518
646.74725 18.73644
647.39780 18.73769
648.04835 18.73895
648.69890 18.74020
649.34945 18.74146
650.00000 18.74271
